1 4 687 688 1079 1080 
257 4 1084 752 1085 1086 
151 2 703 704 
262 1 707 
2 5 1092 1093 1094 689 693 
258 1 702 
3 3 1081 1082 1083 
261 1 1087 
260 2 1114 1115 
263 2 1116 1117 
101 6 796 937 739 740 741 742 
103 8 968 969 970 1107 971 972 973 974 
102 9 964 965 966 746 1130 1131 1132 1133 1134 
155 1 1019 
306 2 1020 1021 
154 3 1032 1033 1034 
170 1 1046 
164 1 1044 
161 2 1036 1037 
316 2 1042 1043 
320 1 809 
319 1 1045 
163 4 1038 1039 1040 1041 
169 2 1030 1031 
104 4 748 1135 1136 1137 
152 4 1008 1009 1010 1011 
156 2 1022 1023 
157 1 1024 
158 1 1025 
159 3 1071 1072 1035 
160 4 1026 1027 1028 1029 
201 1 1067 
202 1 1068 
203 1 1069 
204 1 1070 
153 7 1012 1013 1014 1015 1016 1017 1018 
303 1 963 
313 1 1118 
317 1 1078 
166 4 1088 1089 1090 1091 
167 2 1076 1106 
324 1 1077 
162 2 1158 1159 
165 1 1160 
168 5 1153 1154 1155 1156 1157 
405 11 1191 1192 1193 1194 1195 1196 1197 1198 1199 1200 1201 
409 7 1231 1232 1233 1234 1235 1236 1275 
411 7 1245 1246 1247 1248 1250 1251 1252 
412 11 1254 1253 1255 1256 1257 1259 1260 1261 1277 1278 1279 
413 9 1262 1263 1264 1265 1266 1267 1268 1269 1270 
410 8 1237 1238 1239 1240 1241 1242 1243 1244 
406 6 1202 1203 1204 1205 1206 1276 
408 14 1218 1219 1220 1221 1222 1223 1224 1225 1226 1229 1230 1272 1273 1274 
401 8 1138 1139 1140 1141 1143 1144 1145 1142 
402 20 1271 1161 1162 1163 1164 1165 1166 1167 1168 1169 1170 1171 1172 1173 1174 1175 1176 1177 1178 1179 
403 11 1180 1183 1184 1185 1186 1187 1188 1189 1190 1181 1182 
404 13 1280 1281 1282 1283 1284 1285 1286 1287 1288 1289 1290 1291 1292 
407 11 1207 1208 1209 1210 1211 1212 1214 1215 1216 1217 1293 
267 1 1335 
266 1 1334 
265 1 1368 
264 1 1367 
325 9 1350 1351 1352 1353 1354 1355 1356 1357 1358 
326 3 1359 1360 1361 
328 3 1347 1366 1348 
329 2 1346 1365 
330 32 1420 1421 1422 1423 1424 1425 1426 1427 1428 1429 1430 1431 1432 1433 1434 1435 1436 1437 1438 1439 1440 1441 1442 1443 1444 1445 1446 1447 1574 1575 1576 1577 
331 3 1452 1453 1454 
415 23 1593 1594 1595 1596 1597 1598 1599 1600 1601 1602 1603 1604 1605 1606 1607 1608 1609 1610 1611 1612 1613 1614 1615 
416 19 1616 1617 1618 1618 1619 1619 1620 1620 1621 1622 1623 1624 1625 1626 1627 1628 1629 1630 1631 
418 10 1632 1633 1634 1635 1636 1637 1638 1639 1640 1641 
414 15 1578 1579 1580 1581 1582 1583 1584 1585 1586 1587 1588 1589 1590 1591 1592 
417 16 1642 1643 1644 1645 1646 1647 1648 1649 1650 1651 1652 1653 1654 1655 1656 1657 
297 1 1573 
277 1 1572 
107 6 1553 1554 1555 1557 1556 1558 
108 13 1559 1560 1561 1562 1563 1564 1565 1566 1567 1568 1569 1570 1571 
5 6 1547 1548 1549 1550 1551 1552 
259 1 1495 
292 5 1483 1484 1485 1486 1487 
293 3 1488 1489 1490 
294 1 1491 
295 1 1492 
296 2 1493 1494 
4 6 1541 1542 1543 1544 1545 1546 
205 6 1547 1548 1549 1550 1551 1552 
206 1 1498 
274 1 1477 
275 2 1478 1479 
276 2 1480 1481 
273 2 1475 1476 
271 1 1473 
291 1 1482 
272 1 1474 
327 2 1846 1847 
106 5 984 985 986 987 988 
105 10 1836 1837 1838 1839 1840 1841 1842 1843 1844 1845 
211 6 2627 2628 2629 2630 2631 2632 
212 15 2633 2634 2635 2636 2637 2638 2639 2640 2641 2642 2643 2644 2645 2646 3027 
215 13 2721 2722 2723 2724 2725 2726 2727 2728 2729 2730 2731 2732 2733 
217 28 2734 2735 2736 2737 2738 2739 2740 2741 2742 2743 2744 2745 2746 2747 2748 2749 2750 2751 2752 2753 2754 2755 2756 2757 2758 2759 2760 2761 
231 15 2864 2865 2866 2867 2868 2869 2870 2871 2872 2873 2874 2875 2876 2877 2878 
226 11 2810 2811 2812 2813 2814 2815 2816 2817 2818 2819 2820 
224 15 3293 3294 3295 3296 3297 3298 3299 3300 3301 3302 3303 3304 3305 3306 3028 
223 17 3276 3277 3278 3279 3280 3281 3282 3283 3284 3285 3286 3287 3288 3289 3290 3291 3292 
219 18 3172 3173 3174 3175 3176 3177 3178 3179 3180 3181 3182 3183 3184 3185 3186 3291 3292 3202 
220 35 3203 3204 3205 3206 3207 3208 3209 3210 3211 3212 3213 3214 3215 3216 3217 3218 3219 3220 3221 3222 3223 3224 3225 3226 3227 3228 3229 3230 3231 3232 3233 3234 3235 3236 3237 
230 54 3336 3337 3339 3338 3340 3341 3342 3343 3344 3345 3346 3347 3348 3349 3350 3351 3352 3353 3354 3355 3356 3357 3358 3359 3360 3361 3362 3363 3364 3365 3366 3367 3368 3369 3370 3371 3372 3373 3374 3375 3376 3377 3378 3379 3380 3381 3382 3383 3384 3385 3386 3387 3388 3389 
419 11 3417 3418 3419 3420 3421 3422 3423 3424 3425 3426 3427 
232 27 3390 3391 3392 3393 3394 3395 3396 3397 3398 3399 3400 3401 3402 3403 3404 3405 3406 3407 3408 3409 3410 3411 3412 3413 3414 3415 3416 
221 40 3238 3239 3240 3241 3242 3243 3244 3245 3246 3247 3248 3249 3250 3251 3252 3253 3254 3255 3256 3257 3258 3259 3260 3261 3262 3263 3264 3265 3266 3267 3268 3269 3270 3271 3272 3273 3274 3275 3428 3023 
218 33 3140 3141 3142 3143 3144 3145 3146 3147 3148 3149 3150 3151 3152 3153 3154 3155 3156 3157 3158 3159 3160 3161 3162 3163 3164 3165 3166 3167 3168 3169 3170 3171 3026 
216 23 3119 3120 3121 3122 3123 3124 3125 3126 3127 3128 3129 3130 3131 3132 3133 3134 3135 3136 3137 3138 3139 3024 3025 
229 30 3307 3308 3309 3310 3311 3312 3313 3314 3315 3316 3317 3318 3319 3320 3321 3322 3323 3324 3325 3326 3327 3328 3329 3330 3331 3332 3333 3334 3335 3029 
228 24 2840 2841 2842 2843 2844 2845 2846 2847 2848 2849 2850 2851 2852 2853 2854 2855 2856 2857 2858 2859 2860 2861 2862 2863 
233 36 2879 2880 2881 2882 2883 2884 2885 2886 2887 2888 2889 2890 2891 2892 2893 2894 2895 2896 2897 2898 2899 2900 2901 2902 2903 2904 2905 2906 2907 2908 2909 2910 2911 2912 2913 2914 
225 26 2784 2785 2786 2787 2788 2789 2790 2791 2792 2793 2794 2795 2796 2797 2798 2799 2800 2801 2802 2803 2804 2805 2806 2807 2808 2809 
213 27 2647 2648 2649 2650 2651 2652 2653 2654 2655 2656 2657 2658 2659 2660 2661 2662 2663 2664 2665 2666 2667 2668 2669 2670 2671 2672 2673 
227 20 2821 2822 2823 2824 2825 2826 2827 2828 3037 2829 2830 2831 2832 2833 2834 2835 2836 2837 2838 2839 
222 22 2762 2763 2764 2765 2766 2767 2768 2769 2770 2771 2772 2773 2774 2775 2776 2777 2778 2779 2780 2781 2782 2783 
214 47 2674 2675 2676 2677 2678 2679 2680 2681 2682 2683 2684 2685 2686 2687 2688 2689 2690 2691 2692 2693 2694 2695 2696 2697 2698 2699 2700 2701 2702 2703 2704 2705 2706 2707 2708 2709 2710 2711 2712 2713 2714 2715 2716 2717 2718 2719 2720 
337 14 3852 3853 3854 3855 3856 3857 3858 3859 3860 3861 3862 3863 3864 3890 
333 11 3671 3672 3673 3674 3675 3676 3677 3848 3849 3850 3851 
420 16 3816 3817 3818 3819 3820 3821 3822 3823 3824 3825 3826 3827 3828 3829 3830 3831 
503 13 3866 3867 3868 3869 3871 3838 3839 3840 3841 3842 3844 3846 3847 
336 5 3811 3812 3813 3814 3815 
334 14 3678 3679 3680 3681 3682 3683 3684 3685 3686 3687 3688 3689 3690 3691 
501 8 3872 3873 3832 3833 3834 3835 3837 3836 
335 120 3692 3693 3694 3695 3696 3697 3698 3699 3700 3701 3702 3703 3704 3705 3706 3707 3708 3709 3710 3711 3712 3713 3714 3715 3716 3717 3718 3719 3720 3721 3722 3723 3724 3725 3726 3727 3728 3729 3730 3731 3732 3733 3734 3735 3736 3737 3738 3739 3740 3741 3742 3743 3744 3745 3746 3747 3748 3749 3750 3751 3752 3753 3754 3755 3756 3757 3758 3759 3760 3761 3762 3763 3764 3765 3766 3767 3768 3769 3770 3771 3772 3773 3774 3775 3776 3777 3778 3779 3780 3781 3782 3783 3784 3785 3786 3787 3788 3789 3790 3791 3792 3793 3794 3795 3796 3797 3798 3799 3800 3801 3802 3803 3804 3805 3806 3807 3808 3809 3810 3471 
